0
-4.78225494823844e-06
-1.44680030553451e-05
-4.18440349507113e-05
-0.000140212677943537
-0.000312494172917147
-0.000621090586581787
-0.00116456384879301
-0.00181794684103415
-0.00259992051157617
-0.00391747192000132
-0.00548484413792388
-0.00696650666806082
-0.00723549255456944
-0.00429197024808138
-0.00259956075010450
-0.00483530506678659
-0.00382219671299547
0.000558953685391184
0.00196630058136743
0.00240453159269577
0.00611127025115344
0.00579951192147335
0.00205975787322530
0.00591063673105544
0.0107528053751040
0.00953637893101289
0.0100016778283624
0.0145037109447380
0.0148416752652336
0.0151131188018617
0.0224971480889992
0.0264709615621754
0.0222551949441835
0.0202945215314073
0.0248343127187405
0.0281956827022176
0.0270181505438589
0.0246767711952843
0.0210226330875765
0.0145076407392856
0.00962214484500472
0.00963443548947131
0.00993481260762986
0.00465140703149066
-0.00177318137187001
-0.00376291865752825
-0.00470284850358965
-0.00624000336442475
-0.00679335051258583
-0.0125895566053018
-0.0266483734559772
-0.0419295642590673
-0.0543252751852631
-0.0690218604351792
-0.0860025318071411
-0.105354065873474
-0.124405147667969
-0.141119476885367
-0.131561181307030
-0.0637642893392651
-0.0180038915239889
-0.0457090962491779
-0.0497308923288519
0.00473443534043254
0.0328046277691547
0.0260420257689930
0.0407028744114345
0.0523460052099937
0.0161706707135502
0.0127106527302352
0.0525736831848021
0.0680636481761344
0.0540450792432612
0.0569017740621326
0.0753701011176373
0.0790845683993034
0.0908478025669413
0.110896746115868
0.104718258044746
0.0770494126195185
0.0720911763254873
0.0953865215683209
0.102449858613110
0.0809227221185701
0.0584483999655770
0.0465219119560837
0.0337283039093312
0.0237916210983533
0.0276999642140293
0.0281775110171347
0.00869482872251584
-0.00923390400462949
-0.00428438605974426
0.00499369837819279
-0.00438359865514024
-0.0254677030974582
-0.0458187762843959
-0.0746389208512189
-0.115051066791182
-0.151377873030146
-0.182283566417767
-0.222115624452043
-0.265448094661607
-0.289510542588611
-0.273264333141335
-0.137869635122987
-0.0130031370447754
-0.0521290133839269
-0.0922522696900692
-0.00578141490862082
0.0810618731070137
0.0755437588272744
0.0559158383146768
0.0538961248850412
0.0317639429670130
0.0141173652407907
0.0380079316072276
0.0738497725931569
0.0801797655064894
0.0606116634974977
0.0709511432529966
0.120526863604384
0.151133384198299
0.139831906850288
0.123895346155140
0.109661421894629
0.0941446396405255
0.102242878270152
0.115818123879793
0.0940408070432507
0.0522045777451678
0.0356902851654810
0.0340246028907380
0.0280654329959453
0.0217797478734689
0.0179982986588661
0.00969892375290502
0.000980586758424508
0.00449772567359142
0.0166141017994865
0.0228689421685920
0.00727621113842316
-1.93803740564829e-05
-0.00214522493595863
-0.0323268506364719
-0.0910633728427729
-0.137859148572447
-0.171984572521453
-0.197953928697441
-0.229476466961952
-0.265856961806335
-0.287550524676844
-0.172360978068012
-0.0151420126216482
-0.00182824460475074
-0.0479883004855831
-0.00665267394671866
0.0793552539452359
0.107622605309730
0.0758269646662098
0.0285268838104138
0.0204416185045477
0.0134206831496999
0.00344647231087266
0.0145402060988831
0.0350180665415092
0.0196903266089034
0.0200297822565841
0.0640076232569544
0.105292072026712
0.107429421870785
0.0830726606029618
0.0607761954919702
0.0694591632689520
0.0831586829939800
0.0682637361829136
0.0403770556082222
0.0213839114046411
0.0106941015115567
0.0103029327126904
0.0118742647990656
0.00384021855883053
-0.00455607467774567
-0.00499176045186999
0.000110840943010674
0.00772995237618833
0.0109226526646197
0.00695503067980708
0.00164800277904850
-0.00105781098671400
-0.00261309027078857
-0.00728840481717022
-0.0190550297058186
-0.0385929828149961
-0.0559852052616126
-0.0634140699027833
-0.0656564602516527
-0.0740224303743029
-0.0880677925100059
-0.0822110361002844
-0.0300546904744027
0.0104260447613708
0.00374174422840503
-0.00889190181319973
0.00584033774656447
0.0279391873103773
0.0336419343758774
0.0169446583967182
0.00311155498703808
0.00313304049770110
0.00350098806668868
-1.39356739748267e-05
0.00104846240044895
0.00279980460875009
0.00112149095015124
0.00208603768020084
0.00797152549884459
0.0136539170770662
0.0136942739647576
0.00823204984032719
0.00496534978293442
0.00712802014546306
0.00863260953983946
0.00578228911097409
0.00223548368164114
0.000592115799527648
0.000520033477338207
0.000547749702943305
0.000213236599047453
-0.000147757064899185
-0.000249638541394780
-0.000330703241807285
-0.000155521595644294
0.000120292656607739
0.000163916641135809
5.02029440874310e-05
-1.04444952820431e-05
-9.08636416557500e-06
-1.48026192929247e-06