0
5.95332540839393e-08
1.72715055852748e-07
7.37230013937148e-07
9.60371845779258e-07
9.84649061153613e-07
2.66466169222111e-06
3.56874715568370e-06
6.24425948143928e-06
7.69331499149960e-06
1.03570226411995e-05
1.31199699999840e-05
1.65099200013918e-05
2.41840993627234e-05
2.04950628598113e-05
1.86306151069321e-05
1.32404398933479e-05
5.06370273945986e-06
5.53552951057288e-06
1.28313135835285e-05
-6.37296333308917e-06
-2.14480691315144e-05
-5.05834954221944e-06
-1.25230922338887e-05
-1.05494312157755e-05
-5.77916323113016e-06
-2.02368620954948e-05
-3.23037626801212e-06
4.08047178104851e-06
1.07026114960067e-05
6.86339018042296e-06
1.38522250850627e-05
7.46673339443935e-06
3.06954306243029e-05
4.59570020105291e-05
8.34073083974776e-05
0.000103809305604138
0.000137195816218107
6.80522305763285e-05
7.34624352320841e-05
0.000156584423031856
0.000185139231966011
0.000168268622430418
0.000100028236917569
0.000111384795117568
7.46678809059443e-05
4.54542028132826e-05
5.34559693975958e-05
3.21444584313759e-05
-1.50555977960064e-05
-9.95625009354560e-05
-0.000147540911901649
-0.000185543259337630
-0.000205539414141226
-0.000235181351984064
-0.000411869975008470
-0.000350328848947067
-0.000396942321052335
-0.000441431259761495
-0.000581967242363692
-0.000467617609418330
-0.000565358706734506
-0.000564505025269983
-0.000464334921329093
-0.000598617414260270
-0.000474904711468821
-0.000307523571035345
-0.000355984485957403
-0.000359371447703673
-0.000208652247744756
-0.000111128715062383
-3.65422028075896e-05
-1.02832762067470e-07
-9.72768058771819e-06
1.93949744758035e-05
-5.16700578011084e-05
4.13430730503765e-05
5.75673283141551e-05
0.000150278997418823
0.000134123911850679
6.35336634168789e-05
0.000239765626357216
0.000293211960598715
0.000329323322525844
0.000296038791542439
0.000303065784896593
0.000305357480806808
0.000234628599350032
0.000153637123519042
1.67809215507039e-05
-0.000206563740600221
-0.000210200948895194
-4.16365098204375e-05
-9.99651853912511e-05
-0.000296427745172686
-0.000470357448650673
-0.000403525921381634
-0.000373357293805357
-0.000434242026288563
-0.000405612906423951
-0.000437236690177792
-0.000542795294458935
-0.000621437440688210
-0.000748377009910036
-0.000490757376558642
-0.000371211933031909
-0.000535185383823719
-0.000587788465429606
-0.000644718590375843
-0.000546236800369589
-8.10106919252266e-05
-6.88108947711088e-05
0.000146463507744906
0.000304072883253304
0.000170155046015694
4.93941101902616e-05
0.000128381460906157
0.000530497112052396
0.000770339425238841
0.000969527805351946
0.00120610771367880
0.00135176069854793
0.00148057243489250
0.00143820886845326
0.00161711268593043
0.00168679564079045
0.00190911189756494
0.00198940197604980
0.00184514247367881
0.00201719998129145
0.00162456403741081
0.00137025137040397
0.00128547159648058
0.00100309961032613
0.000672653421535341
0.000204026716716156
-0.000106564387401657
-0.000499205551024013
-0.000759326204724584
-0.00122252292995364
-0.00167196259472756
-0.00203196603349041
-0.00263811568119027
-0.00290845427192874
-0.00308012173736558
-0.00316990117162560
-0.00332255470080916
-0.00354830219442003
-0.00346766457589084
-0.00351663263474019
-0.00337693292769617
-0.00291409703222850
-0.00272758724029215
-0.00254667575271933
-0.00195618798445238
-0.00141133541172107
-0.000674096149417574
7.24051307633837e-05
0.000207645126011267
0.000847098945358694
0.00116164567570865
0.00163000851028330
0.00190402637694920
0.00216590111778243
0.00242066861091971
0.00282250144816314
0.00292658096518873
0.00325370565025908
0.00324617392321455
0.00317566846358679
0.00304912164761869
0.00289508145810893
0.00268039732461603
0.00228653996677702
0.00174771531600703
0.00120700785289603
0.000662209197278322
0.000110093679753869
-0.000349195566710656
-0.000757132589697405
-0.00118298795769305
-0.00148174211007407
-0.00174403265587140
-0.00211840297950303
-0.00234715871288188
-0.00260864613959955
-0.00276779429746414
-0.00278462180942321
-0.00279827342660497
-0.00283314466707840
-0.00276503772995888
-0.00255911224656498
-0.00233559610787500
-0.00193360096833547
-0.00150699143685567
-0.00113687394870405
-0.000944307066109448
-0.000579921937060397
-0.000277591148364433
-4.44869114719515e-05
0.000246879926749295
0.000505997407992826
0.000735278863564438
0.000980085335586760
0.00104666621195631
0.00113978241064097
0.00115153046411044
0.00120463567625436
0.00122962972025524
0.00115332407364240
0.00109930137142692
0.00101725841462565
0.000953125415308531
0.000789380485242469
0.000701133623013317
0.000520750862907926
0.000404921042423323
0.000278512500540474
0.000163687985376103
5.31704345526134e-05
-3.56419472877696e-05
-8.96290723384297e-05
-0.000125507073670035
-0.000154366777521254
-0.000170546681359860
-0.000187913666769428
-0.000183114375192658
-0.000183738231397859
-0.000165301062056202
-0.000142249786521551
-0.000121411961963649
-9.89740565092096e-05
-7.41336719110769e-05
-5.45467243884990e-05
-3.73498224424779e-05
-2.35059246340795e-05
-1.35869273411153e-05
-6.38605283062436e-06
-2.26408935119662e-06
-4.07382622747563e-07