0
5.55213305388251e-07
-5.41194240065537e-07
2.63588056915438e-05
0.000101106333262692
0.000185290059938842
0.000163367945242831
0.000217309111896709
0.000412543018059030
0.000562797061183510
0.000597242422602777
0.000332313626832719
-3.89783322329769e-05
-0.000552994252606323
-0.000955329585400178
-0.00189449496215818
-0.00388555459696055
-0.00572040806488640
-0.00699443747392096
-0.00806828496713193
-0.0103333814677721
-0.0134655519659352
-0.0165061773289707
-0.0200452920243279
-0.0219279723482767
-0.0238833792058441
-0.0206011035431045
-0.00265250014353083
0.00631818399492808
0.0101234985851880
0.0158590468370333
0.0271190241953779
0.0412054978052193
0.0462178929082926
0.0523257224308108
0.0390873632565563
0.0240047512530782
0.0199474733712956
0.0161464712080917
0.00263894612656738
-0.0241392756691756
-0.0358868360867773
-0.0421881969883651
-0.0405581552349815
-0.0287496015150622
-0.0218959060234216
-0.0207207820059916
-0.0156683053267896
0.0171337137996518
0.0472478737303581
0.0542830381297903
0.0554022186098318
0.0547122455645159
0.0570348227152838
0.0548851125110829
0.0520351521491882
0.0290029973689358
-0.00960881950574033
-0.0237216714791964
-0.0204259334221083
-0.0209373584184298
-0.0256708750439324
-0.0266366502625669
-0.0225596289145890
-0.00717027379427311
0.0210885755022685
0.0416114559191564
0.0425679618740100
0.0417083971198481
0.0540173639733313
0.0618688693132252
0.0566517454965440
0.0377748517585660
0.0121135443158139
-0.0116283032603256
-0.0284856658176417
-0.0423027330938915
-0.0688684062720720
-0.0951767620539311
-0.105694035836366
-0.102617350879414
-0.102405522749368
-0.112663198787027
-0.122624957500359
-0.135400405081339
-0.142356803830594
-0.146415544097231
-0.160318635511455
-0.171656696361294
-0.185148012733126
-0.0488043787889803
0.0569547020973965
0.0484426913003735
0.0721395106360694
0.101671975239755
0.196567252250786
0.230492939213094
0.236657159448442
0.210924115617689
0.104152097560949
0.0902183107594214
0.0935163832515565
0.0582971682416951
-0.0262942229969944
-0.113498098328850
-0.116652362493653
-0.115699343577513
-0.0889133991392231
-0.0485752038477778
-0.0586599162496924
-0.0615780672313501
-0.0108646963057829
0.0815881531779747
0.129315735256598
0.114293896643882
0.110072452720267
0.113071134827338
0.111887121511155
0.124392924135547
0.111548234187489
0.0681485372674209
0.0257198739864863
0.0119199834714116
0.0218554742819828
0.0111578599013890
0.000294940353582658
-0.00997098925309114
-0.0140766950540436
0.00484018980279899
0.0249835278240302
0.0388903127995850
0.0228300082075526
0.0135748745969138
0.0213051513222104
0.0179743977876277
0.00149214195013638
-0.0278617501438853
-0.0549752369681613
-0.0770260630715189
-0.0878005443671206
-0.0895196332465407
-0.102552234644795
-0.116850647276132
-0.124675245696841
-0.122049933640509
-0.122689197360868
-0.129961977784792
-0.139041646171980
-0.153633431730520
-0.166127102972742
-0.169057036244155
-0.172330462688423
-0.0867099541462985
0.0144706083530649
0.0101001058427008
0.0155575954678520
0.0503090624064756
0.102206617998914
0.155874334856820
0.171054091770486
0.177622632130790
0.145253932949115
0.104932193160220
0.117804603780365
0.115966534522133
0.0670374940554945
0.0141442111424876
-0.0206191163633898
-0.0297704268799567
-0.0363522299712538
-0.0359028564544085
-0.0260973157987235
-0.0424598608104163
-0.0463715470754138
-0.0103921300717591
0.0184857913391095
0.0269074866207896
0.0292000945819893
0.0355270734486135
0.0467921289655639
0.0519851597034359
0.0553360539474753
0.0547886683047887
0.0403265826331901
0.0238743187470938
0.0163148096181477
0.0111281480727337
0.00576689894459482
-0.00288225265708891
-0.00805964727164675
-0.00849233365629989
-0.00938492010727300
-0.00743572715726743
-0.00686607178761410
-0.0111221007490823
-0.0125431176105950
-0.0120479711346868
-0.0114646284858121
-0.0119116057839383
-0.0136836674957216
-0.0132948648319451
-0.0123665507220036
-0.0109806693023834
-0.00864984789740906
-0.00768223911333655
-0.00725456125329188
-0.00620650258704986
-0.00552368115826697
-0.00493877576386601
-0.00505950465574601
-0.00516085752719572
-0.00483552653620165
-0.00523174061177943
-0.00576929576009872
-0.00577265372928077
-0.00638902786163846
-0.00747646271062727
-0.00851426231131911
-0.00833152563067464
-0.00588989074781411
-0.00338981119081038
-0.00211896035087029
-0.00130122218361834
-9.99133666480759e-05
0.00137075203097675
0.00222249344168394
0.00295323700225088
0.00380921879475658
0.00323391169221527
0.00196673419277724
0.00143258923650890
0.00119241861281617
0.000819991788042860
0.000436914837995216
0.000163017356029388
6.42360070772951e-05
1.77009071515147e-05
8.69876410318660e-06
1.17833697839009e-05
3.00658292789897e-06