0.119968744225108
0.116105584625862
0.104651590706578
0.0865656686254827
0.0658487538935923
0.0550091124367567
0.0686943378338656
0.0960429007007439
0.120515894293619
0.132403704897174
0.126882296324176
0.105458306430013
0.0834510658265641
0.0972154179795775
0.150619227328942
0.217953024419081
0.288948858954971
0.365336460930427
0.454205578321067
0.560249862607185
0.679680165204347
0.799923648738275
0.903747335054553
0.974404550222098
1
0.976447582965538
0.908675729997635
0.809819641371578
0.698230902490952
0.592250471340711
0.503487270178709
0.432076795453751
0.369133733467101
0.305287302801875
0.237176403828869
0.167957648426873
0.104217251333413
0.0524331830130998
0.0171452800343712
0.0108100261525617
0.0191815872172630
0.0234651186042562
0.0264345113857098
0.0287296299410113
0.0293167192401193
0.0278204042838852
0.0250423505998716
0.0222679404995507
0.0202546582407747
0.0186859036587839
0.0166420586198868
0.0134020916151699
0.00880764876011238
0.00335287077975593
0.00312826900840458
0.00817698230798349
0.0120096809030213
0.0141474956577081
0.0147151366275676
0.0142284395254301
0.0132815715813467
0.0121676258365970
0.0107393291219839
0.00872494432523947
0.00654890425466849
0.00701162870942310
0.0119187887350545
0.0189869505750915
0.0265778579078426
0.0335252999458059
0.0387953025870321
0.0415559632733273
0.0413229463294074
0.0380778946806173
0.0323251304121820
0.0251144386994982
0.0181873736276264
0.0143734548472202
0.0157658304507839
0.0200013473343502
0.0243293810904341
0.0276766018659756
0.0297069562040102
0.0303205821342029
0.0295269452381857
0.0274589449546850
0.0244199318833228
0.0209124435678832
0.0176157925398522
0.0152279226283389
0.0140591156983841
0.0136980448294107
0.0133603430272489
0.0124842250117258
0.0109364083768951
0.00895017064890495
0.00701009433042430
0.00569540274992833
0.00528377606114100
0.00538048403379247
0.00539072988376486
0.00504595795111229
0.00455276918061575
0.00476091477568373
0.00648174533510215
0.00937618249461547
0.0127596249358907
0.0161113021891415
0.0190485246210913
0.0213059408972223
0.0227325807475866
0.0232828772351609
0.0230017000181837
0.0220110511299645
0.0205023348150147
0.0187296366404270
0.0169900357576359
0.0155694634868551
0.0146442095147316
0.0141878788672143
0.0139827654065504
0.0137430006689311
0.0132392161569189
0.0123538486518973
0.0110813980003261
0.00951433427521983
0.00786110883999431
0.00655144345575753
0.00631233622353440
0.00754812079148572
0.00974140337585862
0.0121657189115032
0.0142948197679284
0.0157925503033926
0.0165202408851996
0.0165625012058124
0.0161942325386590
0.0157262237135025
0.0152625182031563
0.0145738421752315
0.0132546490563619
0.0110525674973488
0.00826301873166523
0.00651909410923795
0.00830353640157231
0.0122867370134925
0.0163254982182737
0.0194675163031349
0.0213436658775029
0.0219379685409763
0.0214762684293053
0.0203140536454853
0.0188324929128361
0.0173765229220236
0.0162415293423042
0.0156570226150201
0.0157059631100779
0.0162335012208842
0.0168791809855400
0.0172238864453172
0.0169281710037473
0.0158069730916787
0.0138544923918995
0.0112392755298276
0.00828182597331038
0.00543225474488530
0.00329235053647396
0.00250202981255410
0.00258382953398816
0.00252946866350031
0.00249337982093938
0.00342492544180401
0.00536636975693017
0.00773622561294347
0.0101686495011831
0.0124874395960711
0.0146050210329619
0.0164329232565910
0.0178301497631903
0.0186201152119164
0.0186623226657209
0.0179315805558704
0.0165600326819392
0.0148170911242582
0.0130213420209675
0.0114048610521345
0.0100075599224230
0.00871963892194736
0.00749789596172177
0.00664124423286375
0.00680972859102849
0.00824647012848254
0.0103383405546328
0.0123083771169770
0.0135704266012197
0.0137466944074599
0.0126707742183015
0.0103941088367767
0.00717434069260609
0.00347212471019871
0.00138553307556293
0.00436593621150399
0.00706136121348794
0.00877965601287891
0.00940804790489402
0.00904116735288101
0.00794567373177088
0.00651271947299876
0.00516671733814657
0.00418671738703643
0.00350876459742167
0.00284105600504047
0.00207003758736181
0.00163924342034150
0.00222612307112898
0.00329711319675918
0.00431535548662665
0.00514903269764496
0.00583090940172620
0.00640646126534091
0.00683959889132441
0.00702226213096427
0.00686080797668658
0.00635850062513041
0.00564876075117282
0.00497344590650678
0.00459542760515462
0.00463906527690154
0.00499976994284886
0.00544913352080339
0.00575508687825709
0.00573547618946939
0.00534300819186454
0.00485024349967321
0.00501135533297765
0.00639059114562891
0.00853448943078834
0.0106870948701651
0.0122822777311823
0.0129758177208595
0.0126448068245051
0.0113794154538635
0.00944530797670096
0.00721595705131738
0.00508729830576747
0.00339147819834136
0.00233237349666147
0.00199889649607415
0.00241327601589345
0.00342262361296846
0.00476075064941899
0.00618270044378502
0.00750741635423168
0.00863851306107538
0.00956444621411679
0.0103293543207684
0.0109821768936853
0.0115302278525542
0.0119265165522175
0.0120966399863132
0.0119829306817129
0.0115772667110854
0.0109257981980306
0.0101039185334823
0.00917463146467719
0.00815730337888464
0.00703443082327528
0.00580183432160929
0.00454607663465702
0.00353922322462615
0.00323382654933977
0.00372197255668738
0.00450782251925748
0.00517895062177435
0.00558117037611798
0.00572921813518241
0.00573997315492323
0.00576380576116958
0.00589381875691145
0.00609854649650207
0.00624217098940476
0.00616741109294987
0.00576811867942378
0.00502283832447154
0.00399439470169600
0.00280531716513014
0.00160698402539302
0.000665952990855338
0.000963748990377935
0.00179942729193098
0.00254908782356303
0.00310288675761569
0.00338020551826489
0.00333859121689323
0.00301691263851789
0.00256168547526384
0.00220967661700029
0.00216111691930553
0.00241681196819098
0.00290492668028268
0.00362429173511861
0.00453044915211272
0.00544451377751222
0.00610468298119229
0.00626118867905004
0.00575080127809108
0.00454021465726858
0.00274184311534551
0.000714764459816803
0.00184666923905063
0.00383063307863705
0.00529784776762898
0.00601046306711491
0.00586445919115482
0.00489200685494385
0.00325717611776734
0.00123068892878902
0.000857584684080992
0.00268507784562016
0.00401939845117405
0.00480914046995405
0.00526631415191385
0.00583888755091688
0.00688817864266560
0.00832756976316361
0.00975193806821153
0.0107513891377127
0.0110636708051264
0.0106159782517949
0.00952427823918226
0.00807463699097227
0.00669539001840170
0.00586498513114084
0.00580435275032897
0.00623125041019114
0.00669192992654779
0.00689617568410122
0.00673217806898704
0.00620534876604828
0.00540999391514062
0.00453910707982798
0.00389420990239671
0.00373955887149203
0.00396838415066376
0.00417456222637308
0.00404284405038323
0.00352632912537795
0.00295944907732572
0.00306144996052086
0.00398753053837618
0.00505989313235832
0.00572968653837470
0.00573947552360842
0.00506027552683644
0.00385470263246333
0.00245904669444265
0.00150202099677121
0.00170212182548875
0.00224857570135797
0.00245179805972422
0.00220768146727959
0.00159298937233867
0.000782087278354505
0.000694680998908790
0.00176167729518281
0.00305430214617474
0.00450010516517578
0.00609018456856143
0.00777759346169571
0.00945832088506276
0.0109807957310523
0.0121763859530896
0.0129021788966909
0.0130843811410473
0.0127490601625979
0.0120271436930263
0.0111222430246143
0.0102369061411945
0.00947919638251256
0.00881352530364264
0.00810758286701133
0.00723352419915155
0.00613811924235865
0.00485249995149763
0.00346309081144891
0.00207149883124369
0.000779017691862713
0.000667289040767416
0.00186421763346935
0.00318627303802182
0.00464724315054764
0.00620704268421340
0.00772748634658003
0.00900316247105946
0.00981612603408324
0.00999276828866727
0.00944844299195076
0.00821040663044899
0.00641607229831371
0.00429462411909040
0.00218683225157279
0.00123963937301922
0.00251150801052993
0.00386075231976593
0.00484558467531999
0.00545399072533640
0.00574956889871765
0.00581048526817637
0.00569989889414767
0.00545811662388677
0.00511462470542016
0.00470892226616736
0.00430537146604392
0.00399203309347498
0.00386017644444994
0.00396894008283945
0.00431407473165002
0.00482241418075350
0.00536990089947115
0.00581163916273244
0.00602135235145979
0.00593515335681989
0.00558643470245989
0.00511344978583287
0.00471520947537910
0.00454526962233402
0.00462821412203299
0.00492524143923717
0.00544315482177479
0.00619658827626142
0.00709047552602750
0.00790448047918875
0.00838637533787586
0.00835473438680302
0.00776200097403684
0.00671298680327257
0.00544225805102602
0.00424888580261260
0.00337427606162868
0.00286934750489056
0.00270257094980311
0.00306425038833589
0.00412702591669052
0.00565362095013766
0.00723366539965486
0.00849163241398826
0.00914911346464748
0.00906325382041969
0.00824691367787335
0.00685799871368060
0.00515500867648568
0.00342941793577532
0.00195506604404186
0.00113958071300657
0.00154308361919464
0.00247969441888036
0.00346317592178100
0.00429340791243131
0.00479237296981632
0.00483290697568830
0.00438141036473058
0.00350910258274931
0.00237751496640504
0.00124705114550534
0.000828462451758573
0.00146230047599884
0.00208145992160131
0.00244431213305216
0.00256095090150246
0.00251435627893346
0.00241303299958418
0.00232713418451576
0.00223182428962662
0.00204035201679760
0.00173634684924415
0.00158145017293200
0.00205272162778884
0.00303739945414123
0.00410679548354621
0.00495730661341059
0.00541715004823520
0.00546863410650883
0.00528486584638179
0.00519981903602762
0.00548201127729745
0.00604348611859360
0.00652637463843483
0.00659715785989804
0.00608825714228808
0.00501285284350988
0.00352950071374718
0.00188102740530982
0.000370019090304871
0.00108158365392644
0.00211209538551362
0.00291383486336611
0.00356238341000409
0.00406926335856944
0.00436313958847536
0.00437192386978694
0.00413352253429955
0.00387435447495182
0.00394421769947897
0.00447463834992197
0.00521008915777260
0.00580596118099010
0.00603878882212922
0.00582573814994577
0.00519229311432918
0.00423240054013755
0.00307696902986950
0.00191231496338327